Simulation ID-19
===================

1) General info 
-------------------
Simulation type: SEIR
Thread ID: 1

2) Initial populations 
-------------------
Susceptible: 106
Exposed: 0
Infected: 1
Recovered: 0

3) Initial parameters 
-------------------
Mortality rate (m): 0.000154973
Infected mortality rate (v): 0.0239251
Recovery rate (r): 0.0640353
Incubation period (I): 0.091148
Infection rate (b): 0.547602

4) Active events 
-------------------
Vaccination

5) Simulation report 
-------------------

| Time  | Susceptible | Exposed | Infected | Recovered | Total Population | ||| | Births | Deaths - Susceptible | Deaths - Infected | Deaths - Recovered | Deaths - Due To Infection | Deaths - Total | 
|0.000  |106          |0        |1         |0          |107               | ||| |0       |0                     |0                  |0                   |0                          |0               |
|0.219  |105          |1        |1         |0          |107               | ||| |0       |0                     |0                  |0                   |0                          |0               |
|0.414  |104          |2        |1         |0          |107               | ||| |0       |0                     |0                  |0                   |0                          |0               |
|0.588  |103          |3        |1         |0          |107               | ||| |0       |0                     |0                  |0                   |0                          |0               |
|0.746  |102          |4        |1         |0          |107               | ||| |0       |0                     |0                  |0                   |0                          |0               |
|0.890  |102          |3        |2         |0          |107               | ||| |0       |0                     |0                  |0                   |0                          |0               |
|0.986  |101          |4        |2         |0          |107               | ||| |0       |0                     |0                  |0                   |0                          |0               |
|1.076  |101          |3        |3         |0          |107               | ||| |0       |0                     |0                  |0                   |0                          |0               |
|1.145  |100          |4        |3         |0          |107               | ||| |0       |0                     |0                  |0                   |0                          |0               |
|1.211  |99           |5        |3         |0          |107               | ||| |0       |0                     |0                  |0                   |0                          |0               |
|1.275  |98           |6        |3         |0          |107               | ||| |0       |0                     |0                  |0                   |0                          |0               |
|1.337  |98           |6        |2         |1          |107               | ||| |0       |0                     |0                  |0                   |0                          |0               |
|1.420  |97           |7        |2         |1          |107               | ||| |0       |0                     |0                  |0                   |0                          |0               |
|1.499  |97           |6        |3         |1          |107               | ||| |0       |0                     |0                  |0                   |0                          |0               |
|1.562  |97           |6        |2         |2          |107               | ||| |0       |0                     |0                  |0                   |0                          |0               |
|1.645  |96           |7        |2         |2          |107               | ||| |0       |0                     |0                  |0                   |0                          |0               |
|1.725  |95           |8        |2         |2          |107               | ||| |0       |0                     |0                  |0                   |0                          |0               |
|1.801  |95           |7        |3         |2          |107               | ||| |0       |0                     |0                  |0                   |0                          |0               |
|1.862  |94           |8        |3         |2          |107               | ||| |0       |0                     |0                  |0                   |0                          |0               |
|1.921  |94           |7        |4         |2          |107               | ||| |0       |0                     |0                  |0                   |0                          |0               |
|1.970  |93           |8        |4         |2          |107               | ||| |0       |0                     |0                  |0                   |0                          |0               |
|2.018  |92           |9        |4         |2          |107               | ||| |0       |0                     |0                  |0                   |0                          |0               |
|2.066  |91           |10       |4         |2          |107               | ||| |0       |0                     |0                  |0                   |0                          |0               |
|2.112  |90           |11       |4         |2          |107               | ||| |0       |0                     |0                  |0                   |0                          |0               |
|2.157  |90           |10       |5         |2          |107               | ||| |0       |0                     |0                  |0                   |0                          |0               |
|2.196  |90           |9        |6         |2          |107               | ||| |0       |0                     |0                  |0                   |0                          |0               |
|2.231  |90           |8        |7         |2          |107               | ||| |0       |0                     |0                  |0                   |0                          |0               |
|2.263  |89           |9        |7         |2          |107               | ||| |0       |0                     |0                  |0                   |0                          |0               |
|2.294  |88           |10       |7         |2          |107               | ||| |0       |0                     |0                  |0                   |0                          |0               |
|2.325  |87           |11       |7         |2          |107               | ||| |0       |0                     |0                  |0                   |0                          |0               |
|2.356  |86           |12       |7         |2          |107               | ||| |0       |0                     |0                  |0                   |0                          |0               |
|2.386  |86           |11       |8         |2          |107               | ||| |0       |0                     |0                  |0                   |0                          |0               |
|2.414  |86           |10       |9         |2          |107               | ||| |0       |0                     |0                  |0                   |0                          |0               |
|2.439  |85           |11       |9         |2          |107               | ||| |0       |0                     |0                  |0                   |0                          |0               |
|2.465  |84           |12       |9         |2          |107               | ||| |0       |0                     |0                  |0                   |0                          |0               |
|2.490  |84           |11       |10        |2          |107               | ||| |0       |0                     |0                  |0                   |0                          |0               |
|2.513  |84           |10       |11        |2          |107               | ||| |0       |0                     |0                  |0                   |0                          |0               |
|2.535  |83           |11       |11        |2          |107               | ||| |0       |0                     |0                  |0                   |0                          |0               |
|2.557  |83           |11       |10        |3          |107               | ||| |0       |0                     |0                  |0                   |0                          |0               |
|2.581  |83           |11       |9         |3          |106               | ||| |0       |0                     |0                  |0                   |1                          |1               |
|2.606  |82           |12       |9         |3          |106               | ||| |0       |0                     |0                  |0                   |1                          |1               |
|2.632  |82           |12       |8         |4          |106               | ||| |0       |0                     |0                  |0                   |1                          |1               |
|2.659  |81           |13       |8         |4          |106               | ||| |0       |0                     |0                  |0                   |1                          |1               |
|2.687  |80           |14       |8         |4          |106               | ||| |0       |0                     |0                  |0                   |1                          |1               |
|2.714  |80           |14       |7         |5          |106               | ||| |0       |0                     |0                  |0                   |1                          |1               |
|2.745  |80           |13       |8         |5          |106               | ||| |0       |0                     |0                  |0                   |1                          |1               |
|2.773  |79           |14       |8         |5          |106               | ||| |0       |0                     |0                  |0                   |1                          |1               |
|2.800  |79           |14       |7         |5          |105               | ||| |0       |0                     |0                  |0                   |2                          |2               |
|2.830  |79           |14       |6         |5          |104               | ||| |0       |0                     |0                  |0                   |3                          |3               |
|2.864  |79           |13       |7         |5          |104               | ||| |0       |0                     |0                  |0                   |3                          |3               |
|2.895  |79           |12       |8         |5          |104               | ||| |0       |0                     |0                  |0                   |3                          |3               |
|2.923  |79           |11       |9         |5          |104               | ||| |0       |0                     |0                  |0                   |3                          |3               |
|2.949  |78           |12       |9         |5          |104               | ||| |0       |0                     |0                  |0                   |3                          |3               |
|2.975  |78           |12       |8         |6          |104               | ||| |0       |0                     |0                  |0                   |3                          |3               |
|3.004  |78           |12       |7         |7          |104               | ||| |0       |0                     |0                  |0                   |3                          |3               |
|3.035  |77           |13       |7         |7          |104               | ||| |0       |0                     |0                  |0                   |3                          |3               |
|3.066  |77           |12       |8         |7          |104               | ||| |0       |0                     |0                  |0                   |3                          |3               |
|3.095  |77           |12       |7         |8          |104               | ||| |0       |0                     |0                  |0                   |3                          |3               |
|3.127  |76           |13       |7         |8          |104               | ||| |0       |0                     |0                  |0                   |3                          |3               |
|3.158  |75           |14       |7         |8          |104               | ||| |0       |0                     |0                  |0                   |3                          |3               |
|3.189  |74           |15       |7         |8          |104               | ||| |0       |0                     |0                  |0                   |3                          |3               |
|3.220  |74           |14       |8         |8          |104               | ||| |0       |0                     |0                  |0                   |3                          |3               |
|3.248  |74           |14       |7         |8          |103               | ||| |0       |0                     |0                  |0                   |4                          |4               |
|3.280  |73           |15       |7         |8          |103               | ||| |0       |0                     |0                  |0                   |4                          |4               |
|3.310  |73           |14       |8         |8          |103               | ||| |0       |0                     |0                  |0                   |4                          |4               |
|3.339  |72           |15       |8         |8          |103               | ||| |0       |0                     |0                  |0                   |4                          |4               |
|3.367  |72           |14       |9         |8          |103               | ||| |0       |0                     |0                  |0                   |4                          |4               |
|3.393  |71           |15       |9         |8          |103               | ||| |0       |0                     |0                  |0                   |4                          |4               |
|3.419  |70           |16       |9         |8          |103               | ||| |0       |0                     |0                  |0                   |4                          |4               |
|3.445  |69           |17       |9         |8          |103               | ||| |0       |0                     |0                  |0                   |4                          |4               |
|3.471  |68           |18       |9         |8          |103               | ||| |0       |0                     |0                  |0                   |4                          |4               |
|3.496  |68           |17       |10        |8          |103               | ||| |0       |0                     |0                  |0                   |4                          |4               |
|3.520  |67           |18       |10        |8          |103               | ||| |0       |0                     |0                  |0                   |4                          |4               |
|3.544  |67           |18       |9         |8          |102               | ||| |0       |0                     |0                  |0                   |5                          |5               |
|3.570  |67           |18       |8         |8          |101               | ||| |0       |0                     |0                  |0                   |6                          |6               |
|3.597  |67           |17       |9         |8          |101               | ||| |0       |0                     |0                  |0                   |6                          |6               |
|3.623  |67           |17       |8         |9          |101               | ||| |0       |0                     |0                  |0                   |6                          |6               |
|3.651  |66           |18       |8         |9          |101               | ||| |0       |0                     |0                  |0                   |6                          |6               |
|3.679  |66           |18       |7         |10         |101               | ||| |0       |0                     |0                  |0                   |6                          |6               |
|3.709  |66           |17       |8         |10         |101               | ||| |0       |0                     |0                  |0                   |6                          |6               |
|3.738  |65           |18       |8         |10         |101               | ||| |0       |0                     |0                  |0                   |6                          |6               |
|3.766  |64           |19       |8         |10         |101               | ||| |0       |0                     |0                  |0                   |6                          |6               |
|3.793  |64           |19       |7         |11         |101               | ||| |0       |0                     |0                  |0                   |6                          |6               |
|3.824  |64           |18       |8         |11         |101               | ||| |0       |0                     |0                  |0                   |6                          |6               |
|3.852  |63           |19       |8         |11         |101               | ||| |0       |0                     |0                  |0                   |6                          |6               |
|3.880  |62           |20       |8         |11         |101               | ||| |0       |0                     |0                  |0                   |6                          |6               |
|3.908  |62           |19       |9         |11         |101               | ||| |0       |0                     |0                  |0                   |6                          |6               |
|3.934  |61           |20       |9         |11         |101               | ||| |0       |0                     |0                  |0                   |6                          |6               |
|3.960  |60           |21       |9         |11         |101               | ||| |0       |0                     |0                  |0                   |6                          |6               |
|3.985  |59           |22       |9         |11         |101               | ||| |0       |0                     |0                  |0                   |6                          |6               |
|4.011  |59           |21       |10        |11         |101               | ||| |0       |0                     |0                  |0                   |6                          |6               |
|4.035  |59           |20       |11        |11         |101               | ||| |0       |0                     |0                  |0                   |6                          |6               |
|4.058  |59           |19       |12        |11         |101               | ||| |0       |0                     |0                  |0                   |6                          |6               |
|4.080  |58           |20       |12        |11         |101               | ||| |0       |0                     |0                  |0                   |6                          |6               |
|4.102  |57           |21       |12        |11         |101               | ||| |0       |0                     |0                  |0                   |6                          |6               |
|4.124  |57           |21       |11        |12         |101               | ||| |0       |0                     |0                  |0                   |6                          |6               |
|4.147  |56           |22       |11        |12         |101               | ||| |0       |0                     |0                  |0                   |6                          |6               |
|4.170  |56           |21       |12        |12         |101               | ||| |0       |0                     |0                  |0                   |6                          |6               |
|4.191  |56           |21       |11        |13         |101               | ||| |0       |0                     |0                  |0                   |6                          |6               |
|4.215  |55           |22       |11        |13         |101               | ||| |0       |0                     |0                  |0                   |6                          |6               |
|4.238  |55           |22       |10        |14         |101               | ||| |0       |0                     |0                  |0                   |6                          |6               |
|4.263  |54           |23       |10        |14         |101               | ||| |0       |0                     |0                  |0                   |6                          |6               |
|4.287  |54           |22       |11        |14         |101               | ||| |0       |0                     |0                  |0                   |6                          |6               |
|4.311  |53           |23       |11        |14         |101               | ||| |0       |0                     |0                  |0                   |6                          |6               |
|4.334  |53           |23       |10        |15         |101               | ||| |0       |0                     |0                  |0                   |6                          |6               |
|4.359  |52           |24       |10        |15         |101               | ||| |0       |0                     |0                  |0                   |6                          |6               |
|4.383  |52           |23       |11        |15         |101               | ||| |0       |0                     |0                  |0                   |6                          |6               |
|4.407  |52           |23       |10        |15         |100               | ||| |0       |0                     |0                  |0                   |7                          |7               |
|4.432  |52           |22       |11        |15         |100               | ||| |0       |0                     |0                  |0                   |7                          |7               |
|4.455  |51           |23       |11        |15         |100               | ||| |0       |0                     |0                  |0                   |7                          |7               |
|4.479  |51           |22       |12        |15         |100               | ||| |0       |0                     |0                  |0                   |7                          |7               |
|4.502  |51           |21       |13        |15         |100               | ||| |0       |0                     |0                  |0                   |7                          |7               |
|4.523  |51           |20       |14        |15         |100               | ||| |0       |0                     |0                  |0                   |7                          |7               |
|4.544  |51           |20       |13        |16         |100               | ||| |0       |0                     |0                  |0                   |7                          |7               |
|4.566  |50           |21       |13        |16         |100               | ||| |0       |0                     |0                  |0                   |7                          |7               |
|4.588  |50           |20       |14        |16         |100               | ||| |0       |0                     |0                  |0                   |7                          |7               |
|4.609  |49           |21       |14        |16         |100               | ||| |0       |0                     |0                  |0                   |7                          |7               |
|4.630  |49           |20       |15        |16         |100               | ||| |0       |0                     |0                  |0                   |7                          |7               |
|4.650  |49           |20       |14        |16         |99                | ||| |0       |0                     |0                  |0                   |8                          |8               |
|4.671  |48           |21       |14        |16         |99                | ||| |0       |0                     |0                  |0                   |8                          |8               |
|4.693  |47           |22       |14        |16         |99                | ||| |0       |0                     |0                  |0                   |8                          |8               |
|4.714  |46           |23       |14        |16         |99                | ||| |0       |0                     |0                  |0                   |8                          |8               |
|4.735  |45           |24       |14        |16         |99                | ||| |0       |0                     |0                  |0                   |8                          |8               |
|4.756  |45           |23       |15        |16         |99                | ||| |0       |0                     |0                  |0                   |8                          |8               |
|4.776  |45           |22       |16        |16         |99                | ||| |0       |0                     |0                  |0                   |8                          |8               |
|4.796  |44           |23       |16        |16         |99                | ||| |0       |0                     |0                  |0                   |8                          |8               |
|4.815  |43           |24       |16        |16         |99                | ||| |0       |0                     |0                  |0                   |8                          |8               |
|4.835  |42           |25       |16        |16         |99                | ||| |0       |0                     |0                  |0                   |8                          |8               |
|4.854  |42           |25       |15        |17         |99                | ||| |0       |0                     |0                  |0                   |8                          |8               |
|4.875  |41           |26       |15        |17         |99                | ||| |0       |0                     |0                  |0                   |8                          |8               |
|4.895  |40           |27       |15        |17         |99                | ||| |0       |0                     |0                  |0                   |8                          |8               |
|4.916  |40           |26       |16        |17         |99                | ||| |0       |0                     |0                  |0                   |8                          |8               |
|4.936  |39           |27       |16        |17         |99                | ||| |0       |0                     |0                  |0                   |8                          |8               |
|4.955  |38           |28       |16        |17         |99                | ||| |0       |0                     |0                  |0                   |8                          |8               |
|4.975  |38           |27       |17        |17         |99                | ||| |0       |0                     |0                  |0                   |8                          |8               |
|4.995  |38           |27       |16        |17         |98                | ||| |0       |0                     |0                  |0                   |9                          |9               |
|5.014  |37           |28       |16        |17         |98                | ||| |0       |0                     |0                  |0                   |9                          |9               |
|5.034  |37           |27       |17        |17         |98                | ||| |0       |0                     |0                  |0                   |9                          |9               |
|5.054  |37           |27       |16        |18         |98                | ||| |0       |0                     |0                  |0                   |9                          |9               |
|5.074  |36           |28       |16        |18         |98                | ||| |0       |0                     |0                  |0                   |9                          |9               |
|5.094  |36           |27       |17        |18         |98                | ||| |0       |0                     |0                  |0                   |9                          |9               |
|5.114  |35           |28       |17        |18         |98                | ||| |0       |0                     |0                  |0                   |9                          |9               |
|5.134  |34           |29       |17        |18         |98                | ||| |0       |0                     |0                  |0                   |9                          |9               |
|5.153  |33           |30       |17        |18         |98                | ||| |0       |0                     |0                  |0                   |9                          |9               |
|5.173  |32           |31       |17        |18         |98                | ||| |0       |0                     |0                  |0                   |9                          |9               |
|5.193  |31           |32       |17        |18         |98                | ||| |0       |0                     |0                  |0                   |9                          |9               |
|5.212  |30           |33       |17        |18         |98                | ||| |0       |0                     |0                  |0                   |9                          |9               |
|5.232  |30           |32       |18        |18         |98                | ||| |0       |0                     |0                  |0                   |9                          |9               |
|5.251  |30           |31       |19        |18         |98                | ||| |0       |0                     |0                  |0                   |9                          |9               |
|5.270  |29           |32       |19        |18         |98                | ||| |0       |0                     |0                  |0                   |9                          |9               |
|5.289  |29           |32       |18        |19         |98                | ||| |0       |0                     |0                  |0                   |9                          |9               |
|5.309  |29           |31       |19        |19         |98                | ||| |0       |0                     |0                  |0                   |9                          |9               |
|5.328  |29           |30       |20        |19         |98                | ||| |0       |0                     |0                  |0                   |9                          |9               |
|5.347  |28           |31       |20        |19         |98                | ||| |0       |0                     |0                  |0                   |9                          |9               |
|5.366  |28           |30       |21        |19         |98                | ||| |0       |0                     |0                  |0                   |9                          |9               |
|5.384  |27           |31       |21        |19         |98                | ||| |0       |0                     |0                  |0                   |9                          |9               |
|5.402  |27           |31       |20        |20         |98                | ||| |0       |0                     |0                  |0                   |9                          |9               |
|5.422  |27           |30       |21        |20         |98                | ||| |0       |0                     |0                  |0                   |9                          |9               |
|5.440  |27           |29       |22        |20         |98                | ||| |0       |0                     |0                  |0                   |9                          |9               |
|5.459  |27           |28       |23        |20         |98                | ||| |0       |0                     |0                  |0                   |9                          |9               |
|5.477  |27           |27       |24        |20         |98                | ||| |0       |0                     |0                  |0                   |9                          |9               |
|5.494  |27           |27       |23        |21         |98                | ||| |0       |0                     |0                  |0                   |9                          |9               |
|5.513  |27           |26       |24        |21         |98                | ||| |0       |0                     |0                  |0                   |9                          |9               |
|5.531  |26           |27       |24        |21         |98                | ||| |0       |0                     |0                  |0                   |9                          |9               |
|5.549  |26           |27       |23        |22         |98                | ||| |0       |0                     |0                  |0                   |9                          |9               |
|5.567  |26           |26       |24        |22         |98                | ||| |0       |0                     |0                  |0                   |9                          |9               |
|5.585  |25           |27       |24        |22         |98                | ||| |0       |0                     |0                  |0                   |9                          |9               |
|5.604  |24           |28       |24        |22         |98                | ||| |0       |0                     |0                  |0                   |9                          |9               |
|5.622  |24           |27       |25        |22         |98                | ||| |0       |0                     |0                  |0                   |9                          |9               |
|5.640  |23           |28       |25        |22         |98                | ||| |0       |0                     |0                  |0                   |9                          |9               |
|5.658  |23           |28       |24        |23         |98                | ||| |0       |0                     |0                  |0                   |9                          |9               |
|5.677  |23           |28       |23        |24         |98                | ||| |0       |0                     |0                  |0                   |9                          |9               |
|5.696  |22           |29       |23        |24         |98                | ||| |0       |0                     |0                  |0                   |9                          |9               |
|5.716  |21           |30       |23        |24         |98                | ||| |0       |0                     |0                  |0                   |9                          |9               |
|5.735  |20           |31       |23        |24         |98                | ||| |0       |0                     |0                  |0                   |9                          |9               |
|5.755  |20           |30       |24        |24         |98                | ||| |0       |0                     |0                  |0                   |9                          |9               |
|5.774  |20           |30       |23        |25         |98                | ||| |0       |0                     |0                  |0                   |9                          |9               |
|5.794  |20           |29       |24        |25         |98                | ||| |0       |0                     |0                  |0                   |9                          |9               |
|5.813  |20           |28       |25        |25         |98                | ||| |0       |0                     |0                  |0                   |9                          |9               |
|5.833  |20           |28       |24        |25         |97                | ||| |0       |0                     |0                  |0                   |10                         |10              |
|5.852  |20           |28       |23        |26         |97                | ||| |0       |0                     |0                  |0                   |10                         |10              |
|5.872  |20           |27       |24        |26         |97                | ||| |0       |0                     |0                  |0                   |10                         |10              |
|5.892  |20           |26       |25        |26         |97                | ||| |0       |0                     |0                  |0                   |10                         |10              |
|5.912  |20           |25       |26        |26         |97                | ||| |0       |0                     |0                  |0                   |10                         |10              |
|5.931  |20           |24       |27        |26         |97                | ||| |0       |0                     |0                  |0                   |10                         |10              |
|5.950  |20           |23       |28        |26         |97                | ||| |0       |0                     |0                  |0                   |10                         |10              |
|5.969  |20           |22       |29        |26         |97                | ||| |0       |0                     |0                  |0                   |10                         |10              |
|5.988  |20           |21       |30        |26         |97                | ||| |0       |0                     |0                  |0                   |10                         |10              |
|6.006  |20           |20       |31        |26         |97                | ||| |0       |0                     |0                  |0                   |10                         |10              |
|6.024  |20           |20       |30        |27         |97                | ||| |0       |0                     |0                  |0                   |10                         |10              |
|6.043  |20           |20       |29        |28         |97                | ||| |0       |0                     |0                  |0                   |10                         |10              |
|6.061  |19           |21       |29        |28         |97                | ||| |0       |0                     |0                  |0                   |10                         |10              |
|6.081  |19           |21       |28        |29         |97                | ||| |0       |0                     |0                  |0                   |10                         |10              |
|6.100  |18           |22       |28        |29         |97                | ||| |0       |0                     |0                  |0                   |10                         |10              |
|6.120  |18           |22       |27        |30         |97                | ||| |0       |0                     |0                  |0                   |10                         |10              |
|6.140  |17           |23       |27        |30         |97                | ||| |0       |0                     |0                  |0                   |10                         |10              |
|6.161  |17           |22       |28        |30         |97                | ||| |0       |0                     |0                  |0                   |10                         |10              |
|6.181  |16           |23       |28        |30         |97                | ||| |0       |0                     |0                  |0                   |10                         |10              |
|6.202  |15           |24       |28        |30         |97                | ||| |0       |0                     |0                  |0                   |10                         |10              |
|6.222  |14           |25       |28        |30         |97                | ||| |0       |0                     |0                  |0                   |10                         |10              |
|6.243  |14           |25       |27        |30         |96                | ||| |0       |0                     |0                  |0                   |11                         |11              |
|6.265  |14           |24       |28        |30         |96                | ||| |0       |0                     |0                  |0                   |11                         |11              |
|6.286  |14           |24       |27        |30         |95                | ||| |0       |0                     |0                  |0                   |12                         |12              |
|6.307  |14           |23       |28        |30         |95                | ||| |0       |0                     |0                  |0                   |12                         |12              |
|6.328  |14           |23       |27        |30         |94                | ||| |0       |0                     |1                  |0                   |12                         |13              |
|6.350  |14           |23       |26        |31         |94                | ||| |0       |0                     |1                  |0                   |12                         |13              |
|6.372  |14           |23       |25        |31         |93                | ||| |0       |0                     |1                  |0                   |13                         |14              |
|6.395  |14           |23       |24        |32         |93                | ||| |0       |0                     |1                  |0                   |13                         |14              |
|6.419  |14           |22       |25        |32         |93                | ||| |0       |0                     |1                  |0                   |13                         |14              |
|6.442  |14           |21       |26        |32         |93                | ||| |0       |0                     |1                  |0                   |13                         |14              |
|6.465  |14           |21       |25        |33         |93                | ||| |0       |0                     |1                  |0                   |13                         |14              |
|6.488  |14           |21       |24        |34         |93                | ||| |0       |0                     |1                  |0                   |13                         |14              |
|6.512  |13           |22       |24        |34         |93                | ||| |0       |0                     |1                  |0                   |13                         |14              |
|6.537  |12           |23       |24        |34         |93                | ||| |0       |0                     |1                  |0                   |13                         |14              |
|6.561  |12           |22       |25        |34         |93                | ||| |0       |0                     |1                  |0                   |13                         |14              |
|6.585  |12           |22       |24        |34         |92                | ||| |0       |0                     |1                  |0                   |14                         |15              |
|6.610  |11           |23       |24        |34         |92                | ||| |0       |0                     |1                  |0                   |14                         |15              |
|6.635  |11           |23       |23        |34         |91                | ||| |0       |0                     |1                  |0                   |15                         |16              |
|6.661  |10           |24       |23        |34         |91                | ||| |0       |0                     |1                  |0                   |15                         |16              |
|6.687  |10           |23       |24        |34         |91                | ||| |0       |0                     |1                  |0                   |15                         |16              |
|6.713  |10           |22       |25        |34         |91                | ||| |0       |0                     |1                  |0                   |15                         |16              |
|6.738  |10           |21       |26        |34         |91                | ||| |0       |0                     |1                  |0                   |15                         |16              |
|6.763  |9            |22       |26        |34         |91                | ||| |0       |0                     |1                  |0                   |15                         |16              |
|6.789  |9            |21       |27        |34         |91                | ||| |0       |0                     |1                  |0                   |15                         |16              |
|6.814  |9            |21       |26        |35         |91                | ||| |0       |0                     |1                  |0                   |15                         |16              |
|6.840  |9            |21       |25        |36         |91                | ||| |0       |0                     |1                  |0                   |15                         |16              |
|6.866  |9            |20       |26        |36         |91                | ||| |0       |0                     |1                  |0                   |15                         |16              |
|6.892  |8            |21       |26        |36         |91                | ||| |0       |0                     |1                  |0                   |15                         |16              |
|6.919  |7            |22       |26        |36         |91                | ||| |0       |0                     |1                  |0                   |15                         |16              |
|6.946  |7            |21       |27        |36         |91                | ||| |0       |0                     |1                  |0                   |15                         |16              |
|6.973  |7            |20       |28        |36         |91                | ||| |0       |0                     |1                  |0                   |15                         |16              |
|6.999  |7            |20       |27        |37         |91                | ||| |0       |0                     |1                  |0                   |15                         |16              |
|7.026  |6            |21       |27        |37         |91                | ||| |0       |0                     |1                  |0                   |15                         |16              |
|7.054  |6            |20       |28        |37         |91                | ||| |0       |0                     |1                  |0                   |15                         |16              |
|7.081  |6            |19       |29        |37         |91                | ||| |0       |0                     |1                  |0                   |15                         |16              |
|7.108  |6            |18       |30        |37         |91                | ||| |0       |0                     |1                  |0                   |15                         |16              |
|7.135  |6            |18       |29        |37         |90                | ||| |0       |0                     |1                  |0                   |16                         |17              |
|7.163  |6            |17       |30        |37         |90                | ||| |0       |0                     |1                  |0                   |16                         |17              |
|7.190  |6            |17       |29        |38         |90                | ||| |0       |0                     |1                  |0                   |16                         |17              |
|7.218  |5            |18       |29        |38         |90                | ||| |0       |0                     |1                  |0                   |16                         |17              |
|7.247  |5            |18       |28        |39         |90                | ||| |0       |0                     |1                  |0                   |16                         |17              |
|7.276  |5            |18       |27        |40         |90                | ||| |0       |0                     |1                  |0                   |16                         |17              |
|7.306  |5            |18       |26        |40         |89                | ||| |0       |0                     |1                  |0                   |17                         |18              |
|7.337  |5            |17       |27        |40         |89                | ||| |0       |0                     |1                  |0                   |17                         |18              |
|7.367  |5            |17       |26        |41         |89                | ||| |0       |0                     |1                  |0                   |17                         |18              |
|7.398  |5            |16       |27        |41         |89                | ||| |0       |0                     |1                  |0                   |17                         |18              |
|7.430  |5            |16       |26        |42         |89                | ||| |0       |0                     |1                  |0                   |17                         |18              |
|7.461  |5            |16       |25        |42         |88                | ||| |0       |0                     |1                  |0                   |18                         |19              |
|7.494  |4            |17       |25        |42         |88                | ||| |0       |0                     |1                  |0                   |18                         |19              |
|7.527  |4            |17       |24        |43         |88                | ||| |0       |0                     |1                  |0                   |18                         |19              |
|7.561  |4            |17       |23        |44         |88                | ||| |0       |0                     |1                  |0                   |18                         |19              |
|7.596  |4            |17       |22        |44         |87                | ||| |0       |0                     |1                  |0                   |19                         |20              |
|7.632  |4            |17       |21        |45         |87                | ||| |0       |0                     |1                  |0                   |19                         |20              |
|7.669  |4            |16       |22        |45         |87                | ||| |0       |0                     |1                  |0                   |19                         |20              |
|7.705  |4            |15       |23        |45         |87                | ||| |0       |0                     |1                  |0                   |19                         |20              |
|7.742  |4            |14       |24        |45         |87                | ||| |0       |0                     |1                  |0                   |19                         |20              |
|7.778  |4            |13       |25        |45         |87                | ||| |0       |0                     |1                  |0                   |19                         |20              |
|7.814  |3            |14       |25        |45         |87                | ||| |0       |0                     |1                  |0                   |19                         |20              |
|7.851  |3            |13       |26        |45         |87                | ||| |0       |0                     |1                  |0                   |19                         |20              |
|7.887  |2            |14       |26        |45         |87                | ||| |0       |0                     |1                  |0                   |19                         |20              |
|7.924  |2            |14       |25        |45         |86                | ||| |0       |0                     |1                  |0                   |20                         |21              |
|7.963  |2            |14       |24        |46         |86                | ||| |0       |0                     |1                  |0                   |20                         |21              |
|8.002  |2            |14       |23        |47         |86                | ||| |0       |0                     |1                  |0                   |20                         |21              |
|8.042  |2            |14       |22        |48         |86                | ||| |0       |0                     |1                  |0                   |20                         |21              |
|8.083  |2            |14       |21        |48         |85                | ||| |0       |0                     |1                  |0                   |21                         |22              |
|8.126  |2            |13       |22        |48         |85                | ||| |0       |0                     |1                  |0                   |21                         |22              |
|8.168  |2            |12       |23        |48         |85                | ||| |0       |0                     |1                  |0                   |21                         |22              |
|8.211  |2            |12       |22        |49         |85                | ||| |0       |0                     |1                  |0                   |21                         |22              |
|8.254  |2            |12       |21        |50         |85                | ||| |0       |0                     |1                  |0                   |21                         |22              |
|8.299  |2            |12       |20        |51         |85                | ||| |0       |0                     |1                  |0                   |21                         |22              |
|8.346  |2            |12       |19        |51         |84                | ||| |0       |0                     |1                  |0                   |22                         |23              |
|8.394  |2            |11       |20        |51         |84                | ||| |0       |0                     |1                  |0                   |22                         |23              |
|8.442  |2            |11       |19        |52         |84                | ||| |0       |0                     |1                  |0                   |22                         |23              |
|8.491  |2            |11       |18        |53         |84                | ||| |0       |0                     |1                  |0                   |22                         |23              |
|8.542  |2            |11       |17        |54         |84                | ||| |0       |0                     |1                  |0                   |22                         |23              |
|8.595  |2            |11       |16        |55         |84                | ||| |0       |0                     |1                  |0                   |22                         |23              |
|8.650  |2            |10       |17        |55         |84                | ||| |0       |0                     |1                  |0                   |22                         |23              |
|8.705  |2            |10       |16        |55         |83                | ||| |0       |0                     |1                  |0                   |23                         |24              |
|8.762  |2            |10       |15        |56         |83                | ||| |0       |0                     |1                  |0                   |23                         |24              |
|8.822  |2            |10       |14        |56         |82                | ||| |0       |0                     |1                  |0                   |24                         |25              |
|8.883  |2            |9        |15        |56         |82                | ||| |0       |0                     |1                  |0                   |24                         |25              |
|8.945  |2            |9        |14        |57         |82                | ||| |0       |0                     |1                  |0                   |24                         |25              |
|9.009  |1            |10       |14        |57         |82                | ||| |0       |0                     |1                  |0                   |24                         |25              |
|9.074  |1            |10       |13        |58         |82                | ||| |0       |0                     |1                  |0                   |24                         |25              |
|9.141  |1            |10       |12        |59         |82                | ||| |0       |0                     |1                  |0                   |24                         |25              |
|9.211  |1            |10       |11        |60         |82                | ||| |0       |0                     |1                  |0                   |24                         |25              |
|9.285  |1            |10       |10        |61         |82                | ||| |0       |0                     |1                  |0                   |24                         |25              |
|9.362  |1            |10       |9         |62         |82                | ||| |0       |0                     |1                  |0                   |24                         |25              |
|9.444  |1            |9        |10        |62         |82                | ||| |0       |0                     |1                  |0                   |24                         |25              |
|9.525  |1            |9        |9         |63         |82                | ||| |0       |0                     |1                  |0                   |24                         |25              |
|9.611  |1            |8        |10        |63         |82                | ||| |0       |0                     |1                  |0                   |24                         |25              |
|9.696  |1            |8        |9         |64         |82                | ||| |0       |0                     |1                  |0                   |24                         |25              |
|9.787  |1            |8        |8         |65         |82                | ||| |0       |0                     |1                  |0                   |24                         |25              |
|9.884  |1            |7        |9         |65         |82                | ||| |0       |0                     |1                  |0                   |24                         |25              |
|9.980  |1            |6        |10        |65         |82                | ||| |0       |0                     |1                  |0                   |24                         |25              |
|10.076 |1            |6        |9         |65         |81                | ||| |0       |0                     |1                  |0                   |25                         |26              |
|10.178 |1            |5        |10        |65         |81                | ||| |0       |0                     |1                  |0                   |25                         |26              |
|10.280 |1            |5        |9         |65         |80                | ||| |0       |0                     |1                  |0                   |26                         |27              |
|10.389 |1            |5        |8         |66         |80                | ||| |0       |0                     |1                  |0                   |26                         |27              |
|10.507 |1            |4        |9         |66         |80                | ||| |0       |0                     |1                  |0                   |26                         |27              |
|10.624 |1            |3        |10        |66         |80                | ||| |0       |0                     |1                  |0                   |26                         |27              |
|10.741 |1            |3        |9         |67         |80                | ||| |0       |0                     |1                  |0                   |26                         |27              |
|10.867 |1            |2        |10        |67         |80                | ||| |0       |0                     |1                  |0                   |26                         |27              |
|10.993 |1            |2        |9         |68         |80                | ||| |0       |0                     |1                  |0                   |26                         |27              |
|11.131 |1            |1        |10        |68         |80                | ||| |0       |0                     |1                  |0                   |26                         |27              |
|11.267 |1            |1        |9         |69         |80                | ||| |0       |0                     |1                  |0                   |26                         |27              |
|11.418 |1            |1        |8         |70         |80                | ||| |0       |0                     |1                  |0                   |26                         |27              |
|11.584 |1            |1        |7         |71         |80                | ||| |0       |0                     |1                  |0                   |26                         |27              |
|11.771 |1            |1        |6         |72         |80                | ||| |0       |0                     |1                  |0                   |26                         |27              |
|11.984 |1            |1        |5         |73         |80                | ||| |0       |0                     |1                  |0                   |26                         |27              |
|12.230 |1            |0        |6         |73         |80                | ||| |0       |0                     |1                  |0                   |26                         |27              |
|12.476 |1            |0        |5         |74         |80                | ||| |0       |0                     |1                  |0                   |26                         |27              |
|12.767 |1            |0        |4         |74         |79                | ||| |0       |0                     |1                  |0                   |27                         |28              |
|13.128 |1            |0        |3         |75         |79                | ||| |0       |0                     |1                  |0                   |27                         |28              |
|13.599 |1            |0        |2         |76         |79                | ||| |0       |0                     |1                  |0                   |27                         |28              |
|14.278 |1            |0        |2         |75         |78                | ||| |0       |0                     |1                  |1                   |27                         |29              |
|14.958 |1            |0        |1         |76         |78                | ||| |0       |0                     |1                  |1                   |27                         |29              |
|16.180 |1            |0        |0         |77         |78                | ||| |0       |0                     |1                  |1                   |27                         |29              |

6) Simulation preview 
-------------------

| Time  | Susceptible | Exposed | Infected | Recovered | Total Population | ||| | Births | Deaths - Susceptible | Deaths - Infected | Deaths - Recovered | Deaths - Due To Infection | Deaths - Total | 
|0.000  |106          |0        |1         |0          |107               | ||| |0       |0                     |0                  |0                   |0                          |0               |
|16.180 |1            |0        |0         |77         |78                | ||| |0       |0                     |1                  |1                   |27                         |29              |
