Simulation ID-3932
===================

1) General info 
-------------------
Simulation type: SIR
Thread ID: 6

2) Initial populations 
-------------------
Susceptible: 129
Infected: 3
Recovered: 0

3) Initial parameters 
-------------------
Mortality rate (m): 0.00166423
Infected mortality rate (v): 0.0207643
Recovery rate (r): 0.187872
Incubation period (I): 0.162586
Infection rate (b): 0.539701

4) Active events 
-------------------
Vaccination

5) Simulation report 
-------------------

| Time  | Susceptible | Infected | Recovered | Total Population | ||| | Births | Deaths - Susceptible | Deaths - Infected | Deaths - Recovered | Deaths - Due To Infection | Deaths - Total | 
|0.000  |129          |3         |0          |132               | ||| |0       |0                     |0                  |0                   |0                          |0               |
|0.055  |128          |4         |0          |132               | ||| |0       |0                     |0                  |0                   |0                          |0               |
|0.098  |128          |3         |1          |132               | ||| |0       |0                     |0                  |0                   |0                          |0               |
|0.153  |129          |3         |1          |133               | ||| |1       |0                     |0                  |0                   |0                          |0               |
|0.209  |128          |4         |1          |133               | ||| |1       |0                     |0                  |0                   |0                          |0               |
|0.252  |127          |5         |1          |133               | ||| |1       |0                     |0                  |0                   |0                          |0               |
|0.288  |126          |6         |1          |133               | ||| |1       |0                     |0                  |0                   |0                          |0               |
|0.318  |126          |5         |2          |133               | ||| |1       |0                     |0                  |0                   |0                          |0               |
|0.354  |125          |5         |2          |132               | ||| |1       |1                     |0                  |0                   |0                          |1               |
|0.390  |124          |6         |2          |132               | ||| |1       |1                     |0                  |0                   |0                          |1               |
|0.421  |125          |6         |2          |133               | ||| |2       |1                     |0                  |0                   |0                          |1               |
|0.452  |124          |7         |2          |133               | ||| |2       |1                     |0                  |0                   |0                          |1               |
|0.479  |124          |6         |3          |133               | ||| |2       |1                     |0                  |0                   |0                          |1               |
|0.510  |123          |7         |3          |133               | ||| |2       |1                     |0                  |0                   |0                          |1               |
|0.537  |122          |8         |3          |133               | ||| |2       |1                     |0                  |0                   |0                          |1               |
|0.561  |122          |7         |4          |133               | ||| |2       |1                     |0                  |0                   |0                          |1               |
|0.588  |122          |6         |4          |132               | ||| |2       |1                     |0                  |0                   |1                          |2               |
|0.619  |121          |6         |4          |131               | ||| |2       |2                     |0                  |0                   |1                          |3               |
|0.650  |120          |7         |4          |131               | ||| |2       |2                     |0                  |0                   |1                          |3               |
|0.677  |119          |8         |4          |131               | ||| |2       |2                     |0                  |0                   |1                          |3               |
|0.701  |118          |9         |4          |131               | ||| |2       |2                     |0                  |0                   |1                          |3               |
|0.723  |117          |10        |4          |131               | ||| |2       |2                     |0                  |0                   |1                          |3               |
|0.743  |116          |11        |4          |131               | ||| |2       |2                     |0                  |0                   |1                          |3               |
|0.761  |116          |10        |5          |131               | ||| |2       |2                     |0                  |0                   |1                          |3               |
|0.781  |116          |9         |6          |131               | ||| |2       |2                     |0                  |0                   |1                          |3               |
|0.803  |116          |8         |7          |131               | ||| |2       |2                     |0                  |0                   |1                          |3               |
|0.828  |116          |7         |8          |131               | ||| |2       |2                     |0                  |0                   |1                          |3               |
|0.855  |115          |8         |8          |131               | ||| |2       |2                     |0                  |0                   |1                          |3               |
|0.880  |114          |9         |8          |131               | ||| |2       |2                     |0                  |0                   |1                          |3               |
|0.902  |113          |10        |8          |131               | ||| |2       |2                     |0                  |0                   |1                          |3               |
|0.923  |112          |11        |8          |131               | ||| |2       |2                     |0                  |0                   |1                          |3               |
|0.941  |111          |12        |8          |131               | ||| |2       |2                     |0                  |0                   |1                          |3               |
|0.959  |110          |13        |8          |131               | ||| |2       |2                     |0                  |0                   |1                          |3               |
|0.975  |110          |12        |9          |131               | ||| |2       |2                     |0                  |0                   |1                          |3               |
|0.992  |109          |13        |9          |131               | ||| |2       |2                     |0                  |0                   |1                          |3               |
|1.008  |108          |13        |9          |130               | ||| |2       |3                     |0                  |0                   |1                          |4               |
|1.024  |108          |12        |10         |130               | ||| |2       |3                     |0                  |0                   |1                          |4               |
|1.042  |108          |11        |11         |130               | ||| |2       |3                     |0                  |0                   |1                          |4               |
|1.061  |107          |12        |11         |130               | ||| |2       |3                     |0                  |0                   |1                          |4               |
|1.079  |107          |11        |12         |130               | ||| |2       |3                     |0                  |0                   |1                          |4               |
|1.098  |106          |12        |12         |130               | ||| |2       |3                     |0                  |0                   |1                          |4               |
|1.115  |105          |13        |12         |130               | ||| |2       |3                     |0                  |0                   |1                          |4               |
|1.132  |104          |14        |12         |130               | ||| |2       |3                     |0                  |0                   |1                          |4               |
|1.147  |103          |15        |12         |130               | ||| |2       |3                     |0                  |0                   |1                          |4               |
|1.162  |103          |14        |13         |130               | ||| |2       |3                     |0                  |0                   |1                          |4               |
|1.178  |103          |13        |14         |130               | ||| |2       |3                     |0                  |0                   |1                          |4               |
|1.194  |102          |14        |14         |130               | ||| |2       |3                     |0                  |0                   |1                          |4               |
|1.210  |101          |15        |14         |130               | ||| |2       |3                     |0                  |0                   |1                          |4               |
|1.225  |101          |14        |15         |130               | ||| |2       |3                     |0                  |0                   |1                          |4               |
|1.241  |100          |15        |15         |130               | ||| |2       |3                     |0                  |0                   |1                          |4               |
|1.255  |99           |16        |15         |130               | ||| |2       |3                     |0                  |0                   |1                          |4               |
|1.269  |98           |17        |15         |130               | ||| |2       |3                     |0                  |0                   |1                          |4               |
|1.283  |97           |18        |15         |130               | ||| |2       |3                     |0                  |0                   |1                          |4               |
|1.296  |96           |19        |15         |130               | ||| |2       |3                     |0                  |0                   |1                          |4               |
|1.308  |95           |20        |15         |130               | ||| |2       |3                     |0                  |0                   |1                          |4               |
|1.319  |94           |21        |15         |130               | ||| |2       |3                     |0                  |0                   |1                          |4               |
|1.331  |93           |22        |15         |130               | ||| |2       |3                     |0                  |0                   |1                          |4               |
|1.341  |92           |23        |15         |130               | ||| |2       |3                     |0                  |0                   |1                          |4               |
|1.352  |91           |24        |15         |130               | ||| |2       |3                     |0                  |0                   |1                          |4               |
|1.362  |90           |25        |15         |130               | ||| |2       |3                     |0                  |0                   |1                          |4               |
|1.371  |90           |24        |16         |130               | ||| |2       |3                     |0                  |0                   |1                          |4               |
|1.382  |90           |23        |17         |130               | ||| |2       |3                     |0                  |0                   |1                          |4               |
|1.392  |89           |24        |17         |130               | ||| |2       |3                     |0                  |0                   |1                          |4               |
|1.402  |89           |23        |18         |130               | ||| |2       |3                     |0                  |0                   |1                          |4               |
|1.413  |88           |23        |18         |129               | ||| |2       |4                     |0                  |0                   |1                          |5               |
|1.424  |88           |22        |19         |129               | ||| |2       |4                     |0                  |0                   |1                          |5               |
|1.435  |87           |23        |19         |129               | ||| |2       |4                     |0                  |0                   |1                          |5               |
|1.445  |86           |24        |19         |129               | ||| |2       |4                     |0                  |0                   |1                          |5               |
|1.456  |85           |25        |19         |129               | ||| |2       |4                     |0                  |0                   |1                          |5               |
|1.466  |85           |24        |20         |129               | ||| |2       |4                     |0                  |0                   |1                          |5               |
|1.476  |84           |25        |20         |129               | ||| |2       |4                     |0                  |0                   |1                          |5               |
|1.486  |84           |24        |21         |129               | ||| |2       |4                     |0                  |0                   |1                          |5               |
|1.497  |84           |23        |22         |129               | ||| |2       |4                     |0                  |0                   |1                          |5               |
|1.508  |83           |24        |22         |129               | ||| |2       |4                     |0                  |0                   |1                          |5               |
|1.518  |83           |23        |23         |129               | ||| |2       |4                     |0                  |0                   |1                          |5               |
|1.529  |82           |24        |23         |129               | ||| |2       |4                     |0                  |0                   |1                          |5               |
|1.540  |82           |23        |24         |129               | ||| |2       |4                     |0                  |0                   |1                          |5               |
|1.551  |81           |24        |24         |129               | ||| |2       |4                     |0                  |0                   |1                          |5               |
|1.562  |80           |25        |24         |129               | ||| |2       |4                     |0                  |0                   |1                          |5               |
|1.572  |80           |24        |25         |129               | ||| |2       |4                     |0                  |0                   |1                          |5               |
|1.583  |79           |25        |25         |129               | ||| |2       |4                     |0                  |0                   |1                          |5               |
|1.593  |78           |26        |25         |129               | ||| |2       |4                     |0                  |0                   |1                          |5               |
|1.603  |77           |27        |25         |129               | ||| |2       |4                     |0                  |0                   |1                          |5               |
|1.613  |76           |28        |25         |129               | ||| |2       |4                     |0                  |0                   |1                          |5               |
|1.623  |76           |27        |26         |129               | ||| |2       |4                     |0                  |0                   |1                          |5               |
|1.633  |76           |26        |27         |129               | ||| |2       |4                     |0                  |0                   |1                          |5               |
|1.643  |75           |27        |27         |129               | ||| |2       |4                     |0                  |0                   |1                          |5               |
|1.653  |75           |26        |28         |129               | ||| |2       |4                     |0                  |0                   |1                          |5               |
|1.664  |74           |27        |28         |129               | ||| |2       |4                     |0                  |0                   |1                          |5               |
|1.674  |73           |28        |28         |129               | ||| |2       |4                     |0                  |0                   |1                          |5               |
|1.684  |72           |29        |28         |129               | ||| |2       |4                     |0                  |0                   |1                          |5               |
|1.693  |71           |30        |28         |129               | ||| |2       |4                     |0                  |0                   |1                          |5               |
|1.702  |71           |29        |29         |129               | ||| |2       |4                     |0                  |0                   |1                          |5               |
|1.712  |70           |30        |29         |129               | ||| |2       |4                     |0                  |0                   |1                          |5               |
|1.721  |69           |31        |29         |129               | ||| |2       |4                     |0                  |0                   |1                          |5               |
|1.731  |68           |32        |29         |129               | ||| |2       |4                     |0                  |0                   |1                          |5               |
|1.740  |67           |33        |29         |129               | ||| |2       |4                     |0                  |0                   |1                          |5               |
|1.748  |67           |32        |30         |129               | ||| |2       |4                     |0                  |0                   |1                          |5               |
|1.757  |66           |33        |30         |129               | ||| |2       |4                     |0                  |0                   |1                          |5               |
|1.766  |65           |34        |30         |129               | ||| |2       |4                     |0                  |0                   |1                          |5               |
|1.775  |64           |35        |30         |129               | ||| |2       |4                     |0                  |0                   |1                          |5               |
|1.784  |64           |34        |31         |129               | ||| |2       |4                     |0                  |0                   |1                          |5               |
|1.792  |64           |33        |32         |129               | ||| |2       |4                     |0                  |0                   |1                          |5               |
|1.801  |63           |34        |32         |129               | ||| |2       |4                     |0                  |0                   |1                          |5               |
|1.810  |62           |35        |32         |129               | ||| |2       |4                     |0                  |0                   |1                          |5               |
|1.819  |62           |34        |33         |129               | ||| |2       |4                     |0                  |0                   |1                          |5               |
|1.828  |61           |35        |33         |129               | ||| |2       |4                     |0                  |0                   |1                          |5               |
|1.836  |60           |36        |33         |129               | ||| |2       |4                     |0                  |0                   |1                          |5               |
|1.845  |59           |37        |33         |129               | ||| |2       |4                     |0                  |0                   |1                          |5               |
|1.853  |58           |38        |33         |129               | ||| |2       |4                     |0                  |0                   |1                          |5               |
|1.862  |58           |37        |34         |129               | ||| |2       |4                     |0                  |0                   |1                          |5               |
|1.870  |57           |38        |34         |129               | ||| |2       |4                     |0                  |0                   |1                          |5               |
|1.879  |57           |37        |34         |128               | ||| |2       |4                     |0                  |0                   |2                          |6               |
|1.887  |57           |36        |35         |128               | ||| |2       |4                     |0                  |0                   |2                          |6               |
|1.896  |56           |37        |35         |128               | ||| |2       |4                     |0                  |0                   |2                          |6               |
|1.905  |56           |36        |35         |127               | ||| |2       |4                     |1                  |0                   |2                          |7               |
|1.913  |55           |37        |35         |127               | ||| |2       |4                     |1                  |0                   |2                          |7               |
|1.922  |55           |36        |36         |127               | ||| |2       |4                     |1                  |0                   |2                          |7               |
|1.931  |54           |37        |36         |127               | ||| |2       |4                     |1                  |0                   |2                          |7               |
|1.940  |53           |38        |36         |127               | ||| |2       |4                     |1                  |0                   |2                          |7               |
|1.948  |52           |39        |36         |127               | ||| |2       |4                     |1                  |0                   |2                          |7               |
|1.957  |51           |40        |36         |127               | ||| |2       |4                     |1                  |0                   |2                          |7               |
|1.965  |51           |39        |37         |127               | ||| |2       |4                     |1                  |0                   |2                          |7               |
|1.974  |51           |38        |38         |127               | ||| |2       |4                     |1                  |0                   |2                          |7               |
|1.982  |51           |37        |39         |127               | ||| |2       |4                     |1                  |0                   |2                          |7               |
|1.991  |51           |36        |39         |126               | ||| |2       |4                     |1                  |0                   |3                          |8               |
|2.001  |51           |35        |40         |126               | ||| |2       |4                     |1                  |0                   |3                          |8               |
|2.010  |51           |34        |41         |126               | ||| |2       |4                     |1                  |0                   |3                          |8               |
|2.020  |50           |35        |41         |126               | ||| |2       |4                     |1                  |0                   |3                          |8               |
|2.029  |50           |34        |42         |126               | ||| |2       |4                     |1                  |0                   |3                          |8               |
|2.039  |49           |35        |42         |126               | ||| |2       |4                     |1                  |0                   |3                          |8               |
|2.049  |49           |34        |43         |126               | ||| |2       |4                     |1                  |0                   |3                          |8               |
|2.059  |49           |33        |43         |125               | ||| |2       |4                     |1                  |0                   |4                          |9               |
|2.069  |49           |32        |44         |125               | ||| |2       |4                     |1                  |0                   |4                          |9               |
|2.080  |49           |31        |45         |125               | ||| |2       |4                     |1                  |0                   |4                          |9               |
|2.090  |49           |30        |46         |125               | ||| |2       |4                     |1                  |0                   |4                          |9               |
|2.102  |49           |29        |47         |125               | ||| |2       |4                     |1                  |0                   |4                          |9               |
|2.113  |48           |30        |47         |125               | ||| |2       |4                     |1                  |0                   |4                          |9               |
|2.124  |47           |31        |47         |125               | ||| |2       |4                     |1                  |0                   |4                          |9               |
|2.135  |47           |30        |48         |125               | ||| |2       |4                     |1                  |0                   |4                          |9               |
|2.147  |46           |31        |48         |125               | ||| |2       |4                     |1                  |0                   |4                          |9               |
|2.158  |46           |30        |49         |125               | ||| |2       |4                     |1                  |0                   |4                          |9               |
|2.170  |46           |29        |50         |125               | ||| |2       |4                     |1                  |0                   |4                          |9               |
|2.181  |46           |28        |51         |125               | ||| |2       |4                     |1                  |0                   |4                          |9               |
|2.194  |45           |29        |51         |125               | ||| |2       |4                     |1                  |0                   |4                          |9               |
|2.206  |45           |28        |52         |125               | ||| |2       |4                     |1                  |0                   |4                          |9               |
|2.218  |45           |27        |53         |125               | ||| |2       |4                     |1                  |0                   |4                          |9               |
|2.231  |45           |26        |54         |125               | ||| |2       |4                     |1                  |0                   |4                          |9               |
|2.245  |44           |27        |54         |125               | ||| |2       |4                     |1                  |0                   |4                          |9               |
|2.258  |43           |28        |54         |125               | ||| |2       |4                     |1                  |0                   |4                          |9               |
|2.270  |42           |29        |54         |125               | ||| |2       |4                     |1                  |0                   |4                          |9               |
|2.283  |41           |30        |54         |125               | ||| |2       |4                     |1                  |0                   |4                          |9               |
|2.295  |40           |31        |54         |125               | ||| |2       |4                     |1                  |0                   |4                          |9               |
|2.307  |39           |32        |54         |125               | ||| |2       |4                     |1                  |0                   |4                          |9               |
|2.318  |38           |33        |54         |125               | ||| |2       |4                     |1                  |0                   |4                          |9               |
|2.330  |37           |34        |54         |125               | ||| |2       |4                     |1                  |0                   |4                          |9               |
|2.341  |38           |34        |54         |126               | ||| |3       |4                     |1                  |0                   |4                          |9               |
|2.352  |37           |35        |54         |126               | ||| |3       |4                     |1                  |0                   |4                          |9               |
|2.363  |37           |34        |55         |126               | ||| |3       |4                     |1                  |0                   |4                          |9               |
|2.374  |37           |33        |55         |125               | ||| |3       |4                     |1                  |0                   |5                          |10              |
|2.386  |37           |32        |56         |125               | ||| |3       |4                     |1                  |0                   |5                          |10              |
|2.398  |36           |33        |56         |125               | ||| |3       |4                     |1                  |0                   |5                          |10              |
|2.410  |36           |32        |57         |125               | ||| |3       |4                     |1                  |0                   |5                          |10              |
|2.422  |35           |33        |57         |125               | ||| |3       |4                     |1                  |0                   |5                          |10              |
|2.434  |34           |34        |57         |125               | ||| |3       |4                     |1                  |0                   |5                          |10              |
|2.445  |33           |35        |57         |125               | ||| |3       |4                     |1                  |0                   |5                          |10              |
|2.457  |33           |34        |58         |125               | ||| |3       |4                     |1                  |0                   |5                          |10              |
|2.469  |33           |33        |59         |125               | ||| |3       |4                     |1                  |0                   |5                          |10              |
|2.481  |33           |32        |60         |125               | ||| |3       |4                     |1                  |0                   |5                          |10              |
|2.493  |33           |31        |61         |125               | ||| |3       |4                     |1                  |0                   |5                          |10              |
|2.506  |33           |30        |62         |125               | ||| |3       |4                     |1                  |0                   |5                          |10              |
|2.519  |33           |29        |63         |125               | ||| |3       |4                     |1                  |0                   |5                          |10              |
|2.533  |33           |28        |64         |125               | ||| |3       |4                     |1                  |0                   |5                          |10              |
|2.547  |33           |27        |65         |125               | ||| |3       |4                     |1                  |0                   |5                          |10              |
|2.562  |32           |28        |65         |125               | ||| |3       |4                     |1                  |0                   |5                          |10              |
|2.576  |32           |27        |66         |125               | ||| |3       |4                     |1                  |0                   |5                          |10              |
|2.591  |32           |26        |67         |125               | ||| |3       |4                     |1                  |0                   |5                          |10              |
|2.607  |31           |27        |67         |125               | ||| |3       |4                     |1                  |0                   |5                          |10              |
|2.622  |31           |26        |68         |125               | ||| |3       |4                     |1                  |0                   |5                          |10              |
|2.637  |30           |27        |68         |125               | ||| |3       |4                     |1                  |0                   |5                          |10              |
|2.653  |29           |28        |68         |125               | ||| |3       |4                     |1                  |0                   |5                          |10              |
|2.667  |28           |29        |68         |125               | ||| |3       |4                     |1                  |0                   |5                          |10              |
|2.682  |27           |30        |68         |125               | ||| |3       |4                     |1                  |0                   |5                          |10              |
|2.696  |27           |29        |69         |125               | ||| |3       |4                     |1                  |0                   |5                          |10              |
|2.711  |26           |30        |69         |125               | ||| |3       |4                     |1                  |0                   |5                          |10              |
|2.726  |26           |29        |70         |125               | ||| |3       |4                     |1                  |0                   |5                          |10              |
|2.741  |25           |30        |70         |125               | ||| |3       |4                     |1                  |0                   |5                          |10              |
|2.755  |24           |31        |70         |125               | ||| |3       |4                     |1                  |0                   |5                          |10              |
|2.770  |24           |30        |71         |125               | ||| |3       |4                     |1                  |0                   |5                          |10              |
|2.785  |23           |31        |71         |125               | ||| |3       |4                     |1                  |0                   |5                          |10              |
|2.799  |23           |30        |72         |125               | ||| |3       |4                     |1                  |0                   |5                          |10              |
|2.814  |22           |31        |72         |125               | ||| |3       |4                     |1                  |0                   |5                          |10              |
|2.829  |22           |30        |73         |125               | ||| |3       |4                     |1                  |0                   |5                          |10              |
|2.844  |22           |29        |74         |125               | ||| |3       |4                     |1                  |0                   |5                          |10              |
|2.860  |22           |28        |75         |125               | ||| |3       |4                     |1                  |0                   |5                          |10              |
|2.877  |22           |27        |76         |125               | ||| |3       |4                     |1                  |0                   |5                          |10              |
|2.893  |22           |26        |77         |125               | ||| |3       |4                     |1                  |0                   |5                          |10              |
|2.911  |21           |27        |77         |125               | ||| |3       |4                     |1                  |0                   |5                          |10              |
|2.928  |21           |26        |78         |125               | ||| |3       |4                     |1                  |0                   |5                          |10              |
|2.946  |20           |26        |78         |124               | ||| |3       |5                     |1                  |0                   |5                          |11              |
|2.964  |20           |25        |79         |124               | ||| |3       |5                     |1                  |0                   |5                          |11              |
|2.982  |20           |24        |80         |124               | ||| |3       |5                     |1                  |0                   |5                          |11              |
|3.002  |21           |24        |80         |125               | ||| |4       |5                     |1                  |0                   |5                          |11              |
|3.021  |21           |23        |81         |125               | ||| |4       |5                     |1                  |0                   |5                          |11              |
|3.041  |22           |23        |81         |126               | ||| |5       |5                     |1                  |0                   |5                          |11              |
|3.061  |22           |22        |82         |126               | ||| |5       |5                     |1                  |0                   |5                          |11              |
|3.081  |22           |21        |83         |126               | ||| |5       |5                     |1                  |0                   |5                          |11              |
|3.103  |22           |20        |84         |126               | ||| |5       |5                     |1                  |0                   |5                          |11              |
|3.125  |21           |21        |84         |126               | ||| |5       |5                     |1                  |0                   |5                          |11              |
|3.147  |21           |20        |85         |126               | ||| |5       |5                     |1                  |0                   |5                          |11              |
|3.170  |21           |19        |86         |126               | ||| |5       |5                     |1                  |0                   |5                          |11              |
|3.194  |21           |18        |87         |126               | ||| |5       |5                     |1                  |0                   |5                          |11              |
|3.219  |20           |19        |87         |126               | ||| |5       |5                     |1                  |0                   |5                          |11              |
|3.243  |19           |20        |87         |126               | ||| |5       |5                     |1                  |0                   |5                          |11              |
|3.266  |19           |19        |88         |126               | ||| |5       |5                     |1                  |0                   |5                          |11              |
|3.291  |19           |18        |89         |126               | ||| |5       |5                     |1                  |0                   |5                          |11              |
|3.317  |19           |17        |90         |126               | ||| |5       |5                     |1                  |0                   |5                          |11              |
|3.344  |18           |18        |90         |126               | ||| |5       |5                     |1                  |0                   |5                          |11              |
|3.370  |18           |17        |91         |126               | ||| |5       |5                     |1                  |0                   |5                          |11              |
|3.398  |18           |16        |91         |125               | ||| |5       |5                     |1                  |0                   |6                          |12              |
|3.427  |19           |16        |91         |126               | ||| |6       |5                     |1                  |0                   |6                          |12              |
|3.456  |19           |15        |92         |126               | ||| |6       |5                     |1                  |0                   |6                          |12              |
|3.486  |18           |16        |92         |126               | ||| |6       |5                     |1                  |0                   |6                          |12              |
|3.515  |18           |15        |93         |126               | ||| |6       |5                     |1                  |0                   |6                          |12              |
|3.546  |19           |15        |93         |127               | ||| |7       |5                     |1                  |0                   |6                          |12              |
|3.577  |19           |14        |94         |127               | ||| |7       |5                     |1                  |0                   |6                          |12              |
|3.609  |19           |13        |95         |127               | ||| |7       |5                     |1                  |0                   |6                          |12              |
|3.644  |18           |14        |95         |127               | ||| |7       |5                     |1                  |0                   |6                          |12              |
|3.677  |18           |13        |96         |127               | ||| |7       |5                     |1                  |0                   |6                          |12              |
|3.712  |18           |12        |97         |127               | ||| |7       |5                     |1                  |0                   |6                          |12              |
|3.750  |18           |12        |96         |126               | ||| |7       |5                     |1                  |1                   |6                          |13              |
|3.788  |17           |13        |96         |126               | ||| |7       |5                     |1                  |1                   |6                          |13              |
|3.824  |17           |12        |97         |126               | ||| |7       |5                     |1                  |1                   |6                          |13              |
|3.862  |17           |11        |98         |126               | ||| |7       |5                     |1                  |1                   |6                          |13              |
|3.903  |16           |11        |98         |125               | ||| |7       |6                     |1                  |1                   |6                          |14              |
|3.945  |17           |11        |98         |126               | ||| |8       |6                     |1                  |1                   |6                          |14              |
|3.987  |17           |10        |99         |126               | ||| |8       |6                     |1                  |1                   |6                          |14              |
|4.032  |17           |9         |100        |126               | ||| |8       |6                     |1                  |1                   |6                          |14              |
|4.081  |16           |10        |100        |126               | ||| |8       |6                     |1                  |1                   |6                          |14              |
|4.127  |16           |9         |101        |126               | ||| |8       |6                     |1                  |1                   |6                          |14              |
|4.177  |16           |8         |102        |126               | ||| |8       |6                     |1                  |1                   |6                          |14              |
|4.232  |16           |7         |103        |126               | ||| |8       |6                     |1                  |1                   |6                          |14              |
|4.294  |15           |8         |103        |126               | ||| |8       |6                     |1                  |1                   |6                          |14              |
|4.350  |15           |7         |104        |126               | ||| |8       |6                     |1                  |1                   |6                          |14              |
|4.412  |16           |7         |104        |127               | ||| |9       |6                     |1                  |1                   |6                          |14              |
|4.474  |16           |6         |105        |127               | ||| |9       |6                     |1                  |1                   |6                          |14              |
|4.544  |16           |6         |104        |126               | ||| |9       |6                     |1                  |2                   |6                          |15              |
|4.614  |16           |5         |105        |126               | ||| |9       |6                     |1                  |2                   |6                          |15              |
|4.694  |16           |4         |106        |126               | ||| |9       |6                     |1                  |2                   |6                          |15              |
|4.790  |16           |3         |106        |125               | ||| |9       |6                     |1                  |2                   |7                          |16              |
|4.906  |16           |2         |107        |125               | ||| |9       |6                     |1                  |2                   |7                          |16              |
|5.056  |17           |2         |107        |126               | ||| |10      |6                     |1                  |2                   |7                          |16              |
|5.204  |17           |1         |108        |126               | ||| |10      |6                     |1                  |2                   |7                          |16              |
|5.412  |17           |1         |107        |125               | ||| |10      |6                     |1                  |3                   |7                          |17              |
|5.620  |17           |0         |108        |125               | ||| |10      |6                     |1                  |3                   |7                          |17              |

6) Simulation preview 
-------------------

| Time  | Susceptible | Infected | Recovered | Total Population | ||| | Births | Deaths - Susceptible | Deaths - Infected | Deaths - Recovered | Deaths - Due To Infection | Deaths - Total | 
|0.000  |129          |3         |0          |132               | ||| |0       |0                     |0                  |0                   |0                          |0               |
|5.620  |17           |0         |108        |125               | ||| |10      |6                     |1                  |3                   |7                          |17              |
